Success! 
---------------- Scene Data -------------------
Number of animations = 3
Number of cameras = 0
Number of lights = 0
Number of materials = 1
Number of meshes = 1
Number of textures = 0
--------------------------------------
Mesh 0: nverts = 4637  nfaces =  3732  nbones = 37  Material index = 0
Material: 0
   Ambient = 0 0 0 0
   Diffuse = 0.5 0.5 0.5 1
   Specular = 0 0 0 1  Shininess = 1
============= Node Data ========================
Node Name: $dummy_root  nchild = 2  nmesh = 0
Mesh indices: 
Transformation:  1 0 -0 0 0 1 -0 0 -0 -0 1 -0 0 0 -0 1 
============= Node Data ========================
Node Name: Wuson  nchild = 0  nmesh = 1
Mesh indices: 0 
Transformation:  1 0 -0 0 0 0 1 0 -0 -1 0 0 0 0 -0 1 
============= Node Data ========================
Node Name: Root  nchild = 2  nmesh = 0
Mesh indices: 
Transformation:  0 -0 1 0 0.999908 0.013585 0 0.522834 -0.013585 0.999908 0 -0.009935 0 0 -0 1 
============= Node Data ========================
Node Name: Spine_Back01  nchild = 1  nmesh = 0
Mesh indices: 
Transformation:  0.069266 0.997598 -0 0.548873 -0.997598 0.069266 -0 -0.033705 -0 0 1 -0 0 0 -0 1 
============= Node Data ========================
Node Name: Spine_Back02  nchild = 1  nmesh = 0
Mesh indices: 
Transformation:  0.986212 -0.16549 0 0.156952 0.16549 0.986212 0 -0 -0 -0 1 0 0 0 -0 1 
============= Node Data ========================
Node Name: Spine_Back03  nchild = 1  nmesh = 0
Mesh indices: 
Transformation:  0.999992 -0.004023 0 0.169195 0.004023 0.999992 2e-06 -0 -0 -2e-06 1 -0 0 0 -0 1 
============= Node Data ========================
Node Name: Pelvis  nchild = 3  nmesh = 0
Mesh indices: 
Transformation:  0.955445 0.295168 1e-06 0.17371 -0.295168 0.955445 6e-06 -0 1e-06 -6e-06 1 -0 0 0 -0 1 
============= Node Data ========================
Node Name: Tail01  nchild = 1  nmesh = 0
Mesh indices: 
Transformation:  0.999545 -0.030173 1e-06 0.156802 0.030173 0.999545 -8e-06 0.16375 -1e-06 8e-06 1 1e-06 0 0 -0 1 
============= Node Data ========================
Node Name: Tail02  nchild = 1  nmesh = 0
Mesh indices: 
Transformation:  0.99945 -0.033159 0 0.184653 0.033159 0.99945 0 0 -0 -0 1 -0 0 0 -0 1 
============= Node Data ========================
Node Name: Tail03  nchild = 1  nmesh = 0
Mesh indices: 
Transformation:  1 -0.00019 0 0.173721 0.00019 1 0 -0 -0 -0 1 0 0 0 -0 1 
============= Node Data ========================
Node Name: Tail04  nchild = 1  nmesh = 0
Mesh indices: 
Transformation:  0.999997 -0.002253 0 0.155975 0.002253 0.999997 -0 -0 0 0 1 0 0 0 -0 1 
============= Node Data ========================
Node Name: Tail05  nchild = 1  nmesh = 0
Mesh indices: 
Transformation:  0.99904 -0.043797 0 0.157869 0.043797 0.99904 4e-06 0 -0 -4e-06 1 0 0 0 -0 1 
============= Node Data ========================
Node Name: Tail06  nchild = 0  nmesh = 0
Mesh indices: 
Transformation:  0.998371 0.05706 0 0.140363 -0.05706 0.998371 6e-06 0 -0 -6e-06 1 0 0 0 -0 1 
============= Node Data ========================
Node Name: HindLeg_L_01  nchild = 1  nmesh = 0
Mesh indices: 
Transformation:  -0.110167 0.985724 0.127325 0.090003 -0.983844 -0.126341 0.126841 -0.081868 0.141117 -0.111294 0.983717 0.183589 0 0 -0 1 
============= Node Data ========================
Node Name: HindLeg_L_02  nchild = 1  nmesh = 0
Mesh indices: 
Transformation:  0.859959 -0.479805 0.173944 0.33195 0.491462 0.870424 -0.028763 -0.004002 -0.137604 0.110222 0.984335 -0.00773 0 0 -0 1 
============= Node Data ========================
Node Name: HindLeg_L_03  nchild = 1  nmesh = 0
Mesh indices: 
Transformation:  0.866374 0.496788 -0.050968 0.340633 -0.493747 0.867409 0.06177 0.000864 0.074897 -0.028351 0.996788 0.006896 0 0 -0 1 
============= Node Data ========================
Node Name: HindLeg_L_04  nchild = 0  nmesh = 0
Mesh indices: 
Transformation:  0.915392 0.402479 0.008214 0.307234 -0.402184 0.913454 0.062044 -0.002505 0.017468 -0.060099 0.99804 0.006693 0 0 -0 1 
============= Node Data ========================
Node Name: HindLeg_R_01  nchild = 1  nmesh = 0
Mesh indices: 
Transformation:  -0.110167 -0.985724 0.127323 0.090002 -0.983842 0.126342 0.126856 -0.081866 -0.141132 -0.11129 -0.983716 -0.183591 0 0 -0 1 
============= Node Data ========================
Node Name: HindLeg_R_02  nchild = 1  nmesh = 0
Mesh indices: 
Transformation:  0.859959 0.479806 0.173944 0.33195 -0.491462 0.870424 0.028764 0.004002 -0.137604 -0.110223 0.984335 -0.00773 0 0 -0 1 
============= Node Data ========================
Node Name: HindLeg_R_03  nchild = 1  nmesh = 0
Mesh indices: 
Transformation:  0.866374 -0.496788 -0.050968 0.340633 0.493747 0.867409 -0.06177 -0.000864 0.074897 0.028351 0.996788 0.006896 0 0 -0 1 
============= Node Data ========================
Node Name: HindLeg_R_04  nchild = 0  nmesh = 0
Mesh indices: 
Transformation:  0.915392 -0.402479 0.008214 0.307234 0.402184 0.913454 -0.062044 0.002505 0.017468 0.060099 0.998039 0.006694 0 0 -0 1 
============= Node Data ========================
Node Name: Spine_Front01  nchild = 1  nmesh = 0
Mesh indices: 
Transformation:  0.121068 -0.992644 0 0.542025 0.992644 0.121068 -0 0.050235 0 0 1 -0 0 0 -0 1 
============= Node Data ========================
Node Name: Spine_Front02  nchild = 1  nmesh = 0
Mesh indices: 
Transformation:  0.999997 0.002272 -0 0.208076 -0.002272 0.999997 -0 0 0 0 1 0 0 0 -0 1 
============= Node Data ========================
Node Name: Spine_Front03  nchild = 3  nmesh = 0
Mesh indices: 
Transformation:  0.972263 -0.233891 0 0.210435 0.233891 0.972263 0 0 -0 -0 1 0 0 0 -0 1 
============= Node Data ========================
Node Name: Spine_Front04  nchild = 1  nmesh = 0
Mesh indices: 
Transformation:  0.795664 -0.605739 -1e-06 0.209887 0.605739 0.795664 3e-06 0 -1e-06 -3e-06 1 0 0 0 -0 1 
============= Node Data ========================
Node Name: Spine_Front05  nchild = 1  nmesh = 0
Mesh indices: 
Transformation:  0.968758 0.248008 4e-06 0.208095 -0.248008 0.968758 1.4e-05 0 -1e-06 -1.4e-05 1 0 0 0 -0 1 
============= Node Data ========================
Node Name: Neck  nchild = 3  nmesh = 0
Mesh indices: 
Transformation:  0.963605 0.267329 6.6e-05 0.188449 -0.267329 0.963605 -4.2e-05 0 -7.5e-05 2.3e-05 1 0 0 0 -0 1 
============= Node Data ========================
Node Name: Ear_L  nchild = 0  nmesh = 0
Mesh indices: 
Transformation:  -0.216921 -0.115515 0.96933 0.137142 -0.562164 -0.797011 -0.220783 -0.154469 0.798071 -0.592815 0.107951 0.237388 0 0 -0 1 
============= Node Data ========================
Node Name: Mouth  nchild = 0  nmesh = 0
Mesh indices: 
Transformation:  0.944202 -0.329361 0.001633 0.203573 0.329364 0.9442 -0.002291 0.130963 -0.000788 0.002701 0.999996 -3.2e-05 0 0 -0 1 
============= Node Data ========================
Node Name: Ear_R  nchild = 0  nmesh = 0
Mesh indices: 
Transformation:  -0.217737 0.14123 0.965735 0.137109 -0.547505 0.801453 -0.240647 -0.154535 -0.807978 -0.581143 -0.097182 -0.237367 0 0 -0 1 
============= Node Data ========================
Node Name: ForeLeg_L_01  nchild = 1  nmesh = 0
Mesh indices: 
Transformation:  0.276604 -0.960701 0.023335 0.171492 0.960975 0.276414 -0.011079 0.043272 0.004194 0.025489 0.999666 0.301553 0 0 -0 1 
============= Node Data ========================
Node Name: ForeLeg_L_02  nchild = 1  nmesh = 0
Mesh indices: 
Transformation:  0.776306 -0.629763 0.027343 0.320179 0.628428 0.776594 0.044502 9.1e-05 -0.04926 -0.017364 0.998635 0.001493 0 0 -0 1 
============= Node Data ========================
Node Name: ForeLeg_L_03  nchild = 1  nmesh = 0
Mesh indices: 
Transformation:  0.816289 0.577135 0.024247 0.28647 -0.576657 0.816629 -0.024159 -0.000817 -0.033744 0.005738 0.999414 -0.00956 0 0 -0 1 
============= Node Data ========================
Node Name: ForeLeg_L_04  nchild = 1  nmesh = 0
Mesh indices: 
Transformation:  0.992148 0.101873 -0.072559 0.21855 -0.102935 0.994627 -0.01104 0.000584 0.071045 0.018423 0.997303 -0.00108 0 0 -0 1 
============= Node Data ========================
Node Name: ForeLeg_L_05  nchild = 0  nmesh = 0
Mesh indices: 
Transformation:  0.931087 0.364235 0.020229 0.170555 -0.364114 0.931306 -0.009527 0 -0.022309 0.001505 0.99975 0 0 0 -0 1 
============= Node Data ========================
Node Name: ForeLeg_R_01  nchild = 1  nmesh = 0
Mesh indices: 
Transformation:  0.276604 0.960701 0.023335 0.171492 0.960975 -0.276414 -0.01108 0.043272 -0.004194 0.025489 -0.999666 -0.30155 0 0 -0 1 
============= Node Data ========================
Node Name: ForeLeg_R_02  nchild = 1  nmesh = 0
Mesh indices: 
Transformation:  0.776306 0.629763 0.027343 0.320179 -0.628428 0.776594 -0.044499 -9.1e-05 -0.049258 0.017361 0.998635 0.001493 0 0 -0 1 
============= Node Data ========================
Node Name: ForeLeg_R_03  nchild = 1  nmesh = 0
Mesh indices: 
Transformation:  0.816288 -0.577135 0.02425 0.28647 0.576658 0.816629 0.024164 0.000817 -0.033749 -0.005741 0.999414 -0.00956 0 0 -0 1 
============= Node Data ========================
Node Name: ForeLeg_R_04  nchild = 1  nmesh = 0
Mesh indices: 
Transformation:  0.992148 -0.101873 -0.072561 0.21855 0.102935 0.994627 0.011043 -0.000584 0.071047 -0.018425 0.997303 -0.00108 0 0 -0 1 
============= Node Data ========================
Node Name: ForeLeg_R_05  nchild = 0  nmesh = 0
Mesh indices: 
Transformation:  0.931087 -0.364235 0.020228 0.170555 0.364113 0.931306 0.009529 0 -0.022309 -0.001507 0.99975 0 0 0 -0 1 
---------------- Mesh Data -------------------
Mesh 0: Has Normals.
Mesh 0: Has Texture Coords.
Mesh 0: nbones = 37  nverts = 4637  nfaces = 3732
 --- Bone Name: ForeLeg_R_05  nweights = 122
     Offset matrix: 0.009099 -0.830376 0.557129 -0.236458 0.007551 0.557194 0.830348 -0.556346 -0.99993 -0.003348 0.01134 -0.281316 0 0 -0 1 
      Vertex id: 3550  weight = 0.05
      Vertex id: 3553  weight = 0.1
      Vertex id: 3554  weight = 0.15
      Vertex id: 3558  weight = 0.15
      Vertex id: 3559  weight = 0.1
      Vertex id: 3560  weight = 0.05
      Vertex id: 3640  weight = 0.05
      Vertex id: 3648  weight = 0.1
      Vertex id: 3651  weight = 0.15
      Vertex id: 3723  weight = 0.05
      Vertex id: 3749  weight = 1
      Vertex id: 3750  weight = 1
      Vertex id: 3751  weight = 1
      Vertex id: 3752  weight = 1
      Vertex id: 3753  weight = 1
      Vertex id: 3754  weight = 1
      Vertex id: 3755  weight = 1
      Vertex id: 3756  weight = 1
      Vertex id: 3757  weight = 1
      Vertex id: 3758  weight = 1
      Vertex id: 3759  weight = 1
      Vertex id: 3760  weight = 1
      Vertex id: 3761  weight = 1
      Vertex id: 3762  weight = 1
      Vertex id: 3763  weight = 1
      Vertex id: 3764  weight = 1
      Vertex id: 3765  weight = 1
      Vertex id: 3766  weight = 1
      Vertex id: 3767  weight = 1
      Vertex id: 3768  weight = 1
      Vertex id: 3769  weight = 1
      Vertex id: 3770  weight = 1
      Vertex id: 3771  weight = 1
      Vertex id: 3772  weight = 1
      Vertex id: 3773  weight = 1
      Vertex id: 3774  weight = 1
      Vertex id: 3775  weight = 1
      Vertex id: 3776  weight = 1
      Vertex id: 3777  weight = 1
      Vertex id: 3778  weight = 1
      Vertex id: 3779  weight = 1
      Vertex id: 3780  weight = 1
      Vertex id: 3781  weight = 1
      Vertex id: 3782  weight = 1
      Vertex id: 3783  weight = 1
      Vertex id: 3784  weight = 1
      Vertex id: 3810  weight = 0.9
      Vertex id: 3811  weight = 0.85
      Vertex id: 3812  weight = 0.8
      Vertex id: 3813  weight = 0.9
      Vertex id: 3814  weight = 0.8
      Vertex id: 3815  weight = 0.8
      Vertex id: 3816  weight = 0.9
      Vertex id: 3817  weight = 0.9
      Vertex id: 3818  weight = 1
      Vertex id: 3819  weight = 1
      Vertex id: 3820  weight = 0.85
      Vertex id: 3821  weight = 0.85
      Vertex id: 3822  weight = 0.9
      Vertex id: 3823  weight = 0.8
      Vertex id: 3824  weight = 1
      Vertex id: 3825  weight = 0.85
      Vertex id: 3826  weight = 0.85
      Vertex id: 3827  weight = 1
      Vertex id: 3828  weight = 1
      Vertex id: 3829  weight = 1
      Vertex id: 3830  weight = 0.85
      Vertex id: 3831  weight = 0.9
      Vertex id: 3832  weight = 1
      Vertex id: 3833  weight = 0.9
      Vertex id: 3834  weight = 0.9
      Vertex id: 3835  weight = 0.85
      Vertex id: 3836  weight = 0.5
      Vertex id: 3837  weight = 0.5
      Vertex id: 3838  weight = 0.65
      Vertex id: 3839  weight = 0.5
      Vertex id: 3840  weight = 0.5
      Vertex id: 3841  weight = 0.7
      Vertex id: 3842  weight = 0.5
      Vertex id: 3843  weight = 0.5
      Vertex id: 3844  weight = 0.9
      Vertex id: 3845  weight = 0.5
      Vertex id: 3846  weight = 0.5
      Vertex id: 3847  weight = 0.5
      Vertex id: 3848  weight = 0.5
      Vertex id: 3849  weight = 0.5
      Vertex id: 3850  weight = 0.5
      Vertex id: 3851  weight = 0.5
      Vertex id: 3852  weight = 0.85
      Vertex id: 3853  weight = 0.5
      Vertex id: 3854  weight = 0.5
      Vertex id: 3855  weight = 0.5
      Vertex id: 3856  weight = 0.9
      Vertex id: 3857  weight = 0.5
      Vertex id: 3858  weight = 0.5
      Vertex id: 3859  weight = 0.5
      Vertex id: 3860  weight = 0.85
      Vertex id: 3861  weight = 0.9
      Vertex id: 3862  weight = 0.5
      Vertex id: 3863  weight = 0.85
      Vertex id: 3864  weight = 1
      Vertex id: 3865  weight = 1
      Vertex id: 3866  weight = 1
      Vertex id: 3867  weight = 1
      Vertex id: 3868  weight = 1
      Vertex id: 3869  weight = 1
      Vertex id: 3870  weight = 1
      Vertex id: 3871  weight = 1
      Vertex id: 3872  weight = 1
      Vertex id: 3873  weight = 1
      Vertex id: 3874  weight = 1
      Vertex id: 3875  weight = 1
      Vertex id: 3876  weight = 1
      Vertex id: 3877  weight = 1
      Vertex id: 3878  weight = 1
      Vertex id: 3879  weight = 1
      Vertex id: 3882  weight = 0.5
      Vertex id: 3883  weight = 0.5
      Vertex id: 3885  weight = 0.5
      Vertex id: 3886  weight = 0.5
      Vertex id: 3887  weight = 0.1
      Vertex id: 3888  weight = 0.5
 --- Bone Name: ForeLeg_R_04  nweights = 135
     Offset matrix: -0.014505 -0.97617 0.216524 0.147342 0.000817 0.216535 0.976274 -0.606906 -0.999894 0.014338 -0.002344 -0.275132 0 0 -0 1 
      Vertex id: 3549  weight = 1
      Vertex id: 3550  weight = 0.95
      Vertex id: 3551  weight = 1
      Vertex id: 3552  weight = 0.702353
      Vertex id: 3553  weight = 0.9
      Vertex id: 3554  weight = 0.85
      Vertex id: 3555  weight = 0.553292
      Vertex id: 3556  weight = 0.639758
      Vertex id: 3557  weight = 0.553292
      Vertex id: 3558  weight = 0.85
      Vertex id: 3559  weight = 0.9
      Vertex id: 3560  weight = 0.95
      Vertex id: 3561  weight = 0.736765
      Vertex id: 3562  weight = 1
      Vertex id: 3563  weight = 1
      Vertex id: 3564  weight = 1
      Vertex id: 3565  weight = 1
      Vertex id: 3566  weight = 0.959207
      Vertex id: 3567  weight = 1
      Vertex id: 3568  weight = 1
      Vertex id: 3569  weight = 1
      Vertex id: 3570  weight = 1
      Vertex id: 3571  weight = 1
      Vertex id: 3572  weight = 1
      Vertex id: 3573  weight = 1
      Vertex id: 3574  weight = 1
      Vertex id: 3640  weight = 0.95
      Vertex id: 3641  weight = 0.702353
      Vertex id: 3648  weight = 0.9
      Vertex id: 3649  weight = 0.736765
      Vertex id: 3650  weight = 0.639758
      Vertex id: 3651  weight = 0.85
      Vertex id: 3652  weight = 0.736765
      Vertex id: 3665  weight = 1
      Vertex id: 3666  weight = 1
      Vertex id: 3667  weight = 1
      Vertex id: 3668  weight = 1
      Vertex id: 3701  weight = 1
      Vertex id: 3702  weight = 1
      Vertex id: 3703  weight = 1
      Vertex id: 3704  weight = 1
      Vertex id: 3705  weight = 1
      Vertex id: 3706  weight = 1
      Vertex id: 3723  weight = 0.95
      Vertex id: 3724  weight = 1
      Vertex id: 3785  weight = 0.5
      Vertex id: 3786  weight = 0.251482
      Vertex id: 3790  weight = 0.028298
      Vertex id: 3791  weight = 0.186125
      Vertex id: 3792  weight = 0.430393
      Vertex id: 3793  weight = 0.5
      Vertex id: 3794  weight = 0.5
      Vertex id: 3795  weight = 0.5
      Vertex id: 3796  weight = 0.5
      Vertex id: 3797  weight = 0.5
      Vertex id: 3798  weight = 0.251482
      Vertex id: 3799  weight = 0.028298
      Vertex id: 3800  weight = 0.186125
      Vertex id: 3803  weight = 0.5
      Vertex id: 3804  weight = 0.5
      Vertex id: 3805  weight = 0.430393
      Vertex id: 3808  weight = 0.5
      Vertex id: 3810  weight = 0.1
      Vertex id: 3811  weight = 0.15
      Vertex id: 3812  weight = 0.2
      Vertex id: 3813  weight = 0.1
      Vertex id: 3814  weight = 0.2
      Vertex id: 3815  weight = 0.2
      Vertex id: 3816  weight = 0.1
      Vertex id: 3817  weight = 0.1
      Vertex id: 3820  weight = 0.15
      Vertex id: 3821  weight = 0.15
      Vertex id: 3822  weight = 0.1
      Vertex id: 3823  weight = 0.2
      Vertex id: 3825  weight = 0.15
      Vertex id: 3826  weight = 0.15
      Vertex id: 3830  weight = 0.15
      Vertex id: 3831  weight = 0.1
      Vertex id: 3833  weight = 0.1
      Vertex id: 3834  weight = 0.1
      Vertex id: 3835  weight = 0.15
      Vertex id: 3836  weight = 0.5
      Vertex id: 3837  weight = 0.5
      Vertex id: 3838  weight = 0.35
      Vertex id: 3839  weight = 0.5
      Vertex id: 3840  weight = 0.5
      Vertex id: 3841  weight = 0.3
      Vertex id: 3842  weight = 0.5
      Vertex id: 3843  weight = 0.5
      Vertex id: 3844  weight = 0.1
      Vertex id: 3845  weight = 0.5
      Vertex id: 3846  weight = 0.5
      Vertex id: 3847  weight = 0.5
      Vertex id: 3848  weight = 0.5
      Vertex id: 3849  weight = 0.5
      Vertex id: 3850  weight = 0.5
      Vertex id: 3851  weight = 0.5
      Vertex id: 3852  weight = 0.15
      Vertex id: 3853  weight = 0.5
      Vertex id: 3854  weight = 0.5
      Vertex id: 3855  weight = 0.5
      Vertex id: 3856  weight = 0.1
      Vertex id: 3857  weight = 0.5
      Vertex id: 3858  weight = 0.5
      Vertex id: 3859  weight = 0.5
      Vertex id: 3860  weight = 0.15
      Vertex id: 3861  weight = 0.1
      Vertex id: 3862  weight = 0.5
      Vertex id: 3863  weight = 0.15
      Vertex id: 3880  weight = 1
      Vertex id: 3881  weight = 1
      Vertex id: 3882  weight = 0.5
      Vertex id: 3883  weight = 0.5
      Vertex id: 3884  weight = 1
      Vertex id: 3885  weight = 0.5
      Vertex id: 3886  weight = 0.5
      Vertex id: 3887  weight = 0.9
      Vertex id: 3888  weight = 0.5
      Vertex id: 3889  weight = 1
      Vertex id: 3890  weight = 1
      Vertex id: 3891  weight = 1
      Vertex id: 3892  weight = 0.702353
      Vertex id: 3893  weight = 0.553292
      Vertex id: 3894  weight = 0.639758
      Vertex id: 3895  weight = 1
      Vertex id: 3896  weight = 0.959207
      Vertex id: 3897  weight = 0.5
      Vertex id: 3898  weight = 1
      Vertex id: 3899  weight = 1
      Vertex id: 3900  weight = 0.702353
      Vertex id: 3901  weight = 0.251482
      Vertex id: 3903  weight = 0.639758
      Vertex id: 3904  weight = 0.028298
      Vertex id: 3905  weight = 1
      Vertex id: 3906  weight = 0.430393
 --- Bone Name: ForeLeg_R_03  nweights = 144
     Offset matrix: 0.058079 -0.991604 0.115537 0.446526 -0.011722 0.115048 0.993291 -0.592101 -0.998243 -0.059044 -0.004942 -0.253819 0 0 -0 1 
      Vertex id: 3552  weight = 0.297647
      Vertex id: 3555  weight = 0.446708
      Vertex id: 3556  weight = 0.360242
      Vertex id: 3557  weight = 0.446708
      Vertex id: 3561  weight = 0.263235
      Vertex id: 3566  weight = 0.040793
      Vertex id: 3597  weight = 1
      Vertex id: 3598  weight = 1
      Vertex id: 3599  weight = 0.75
      Vertex id: 3600  weight = 0.75
      Vertex id: 3601  weight = 1
      Vertex id: 3602  weight = 1
      Vertex id: 3603  weight = 0.75
      Vertex id: 3604  weight = 0.75
      Vertex id: 3605  weight = 1
      Vertex id: 3606  weight = 0.75
      Vertex id: 3607  weight = 1
      Vertex id: 3608  weight = 0.75
      Vertex id: 3609  weight = 1
      Vertex id: 3610  weight = 1
      Vertex id: 3611  weight = 0.76
      Vertex id: 3612  weight = 0.75
      Vertex id: 3613  weight = 1
      Vertex id: 3614  weight = 0.75
      Vertex id: 3615  weight = 1
      Vertex id: 3616  weight = 0.75
      Vertex id: 3617  weight = 0.2375
      Vertex id: 3618  weight = 0.2375
      Vertex id: 3619  weight = 0.75
      Vertex id: 3620  weight = 0.2375
      Vertex id: 3621  weight = 0.75
      Vertex id: 3622  weight = 0.25
      Vertex id: 3623  weight = 0.75
      Vertex id: 3624  weight = 0.25
      Vertex id: 3627  weight = 0.2375
      Vertex id: 3628  weight = 0.129348
      Vertex id: 3629  weight = 0.225625
      Vertex id: 3630  weight = 0.75
      Vertex id: 3631  weight = 0.75
      Vertex id: 3632  weight = 0.225625
      Vertex id: 3633  weight = 0.2375
      Vertex id: 3634  weight = 0.225625
      Vertex id: 3637  weight = 0.75
      Vertex id: 3638  weight = 1
      Vertex id: 3639  weight = 0.75
      Vertex id: 3641  weight = 0.297647
      Vertex id: 3647  weight = 0.25
      Vertex id: 3649  weight = 0.263235
      Vertex id: 3650  weight = 0.360242
      Vertex id: 3652  weight = 0.263235
      Vertex id: 3661  weight = 0.7125
      Vertex id: 3662  weight = 0.75
      Vertex id: 3663  weight = 1
      Vertex id: 3664  weight = 1
      Vertex id: 3669  weight = 1
      Vertex id: 3670  weight = 1
      Vertex id: 3671  weight = 1
      Vertex id: 3672  weight = 1
      Vertex id: 3673  weight = 1
      Vertex id: 3674  weight = 1
      Vertex id: 3675  weight = 1
      Vertex id: 3676  weight = 1
      Vertex id: 3677  weight = 1
      Vertex id: 3678  weight = 1
      Vertex id: 3679  weight = 1
      Vertex id: 3680  weight = 1
      Vertex id: 3681  weight = 1
      Vertex id: 3682  weight = 1
      Vertex id: 3683  weight = 1
      Vertex id: 3684  weight = 1
      Vertex id: 3685  weight = 1
      Vertex id: 3686  weight = 1
      Vertex id: 3687  weight = 1
      Vertex id: 3688  weight = 1
      Vertex id: 3689  weight = 1
      Vertex id: 3690  weight = 1
      Vertex id: 3691  weight = 1
      Vertex id: 3692  weight = 1
      Vertex id: 3693  weight = 1
      Vertex id: 3694  weight = 1
      Vertex id: 3695  weight = 1
      Vertex id: 3696  weight = 1
      Vertex id: 3698  weight = 0.2375
      Vertex id: 3699  weight = 1
      Vertex id: 3700  weight = 1
      Vertex id: 3713  weight = 1
      Vertex id: 3714  weight = 0.75
      Vertex id: 3715  weight = 1
      Vertex id: 3716  weight = 0.75
      Vertex id: 3717  weight = 1
      Vertex id: 3718  weight = 0.75
      Vertex id: 3719  weight = 1
      Vertex id: 3720  weight = 1
      Vertex id: 3721  weight = 1
      Vertex id: 3722  weight = 1
      Vertex id: 3726  weight = 1
      Vertex id: 3729  weight = 0.25
      Vertex id: 3730  weight = 0.2375
      Vertex id: 3732  weight = 0.2375
      Vertex id: 3734  weight = 0.2375
      Vertex id: 3736  weight = 0.2375
      Vertex id: 3738  weight = 0.225625
      Vertex id: 3740  weight = 0.129348
      Vertex id: 3741  weight = 0.225625
      Vertex id: 3743  weight = 0.2375
      Vertex id: 3744  weight = 0.25
      Vertex id: 3746  weight = 0.75
      Vertex id: 3747  weight = 0.75
      Vertex id: 3785  weight = 0.5
      Vertex id: 3786  weight = 0.748518
      Vertex id: 3787  weight = 1
      Vertex id: 3788  weight = 1
      Vertex id: 3789  weight = 1
      Vertex id: 3790  weight = 0.971702
      Vertex id: 3791  weight = 0.813875
      Vertex id: 3792  weight = 0.569607
      Vertex id: 3793  weight = 0.5
      Vertex id: 3794  weight = 0.5
      Vertex id: 3795  weight = 0.5
      Vertex id: 3796  weight = 0.5
      Vertex id: 3797  weight = 0.5
      Vertex id: 3798  weight = 0.748518
      Vertex id: 3799  weight = 0.971702
      Vertex id: 3800  weight = 0.813875
      Vertex id: 3801  weight = 1
      Vertex id: 3802  weight = 1
      Vertex id: 3803  weight = 0.5
      Vertex id: 3804  weight = 0.5
      Vertex id: 3805  weight = 0.569607
      Vertex id: 3806  weight = 1
      Vertex id: 3807  weight = 1
      Vertex id: 3808  weight = 0.5
      Vertex id: 3809  weight = 1
      Vertex id: 3892  weight = 0.297647
      Vertex id: 3893  weight = 0.446708
      Vertex id: 3894  weight = 0.360242
      Vertex id: 3896  weight = 0.040793
      Vertex id: 3897  weight = 0.5
      Vertex id: 3900  weight = 0.297647
      Vertex id: 3901  weight = 0.748518
      Vertex id: 3902  weight = 1
      Vertex id: 3903  weight = 0.360242
      Vertex id: 3904  weight = 0.971702
      Vertex id: 3906  weight = 0.569607
 --- Bone Name: ForeLeg_R_02  nweights = 124
     Offset matrix: 0.029968 -0.877265 -0.479071 0.986531 -0.000203 -0.479292 0.877656 -0.23135 -0.999551 -0.026204 -0.014541 -0.2749 0 0 -0 1 
      Vertex id: 2964  weight = 0.024936
      Vertex id: 2968  weight = 0.024936
      Vertex id: 2975  weight = 0.067103
      Vertex id: 3024  weight = 0.260265
      Vertex id: 3033  weight = 0.067103
      Vertex id: 3034  weight = 0.024936
      Vertex id: 3134  weight = 0.127982
      Vertex id: 3575  weight = 0.3
      Vertex id: 3576  weight = 0.4
      Vertex id: 3577  weight = 0.05
      Vertex id: 3578  weight = 0.04
      Vertex id: 3579  weight = 0.05
      Vertex id: 3580  weight = 0.4
      Vertex id: 3581  weight = 0.026152
      Vertex id: 3582  weight = 0.95
      Vertex id: 3583  weight = 0.65
      Vertex id: 3584  weight = 0.85
      Vertex id: 3585  weight = 0.2125
      Vertex id: 3586  weight = 0.75
      Vertex id: 3587  weight = 0.45
      Vertex id: 3588  weight = 1
      Vertex id: 3589  weight = 0.800522
      Vertex id: 3590  weight = 0.75
      Vertex id: 3591  weight = 0.260265
      Vertex id: 3592  weight = 0.591753
      Vertex id: 3593  weight = 0.167391
      Vertex id: 3594  weight = 0.2375
      Vertex id: 3595  weight = 0.0825
      Vertex id: 3596  weight = 0.133766
      Vertex id: 3599  weight = 0.25
      Vertex id: 3600  weight = 0.25
      Vertex id: 3603  weight = 0.25
      Vertex id: 3604  weight = 0.25
      Vertex id: 3606  weight = 0.25
      Vertex id: 3608  weight = 0.25
      Vertex id: 3611  weight = 0.19
      Vertex id: 3612  weight = 0.25
      Vertex id: 3614  weight = 0.25
      Vertex id: 3616  weight = 0.25
      Vertex id: 3617  weight = 0.7125
      Vertex id: 3618  weight = 0.7125
      Vertex id: 3619  weight = 0.25
      Vertex id: 3620  weight = 0.7125
      Vertex id: 3621  weight = 0.25
      Vertex id: 3622  weight = 0.75
      Vertex id: 3623  weight = 0.25
      Vertex id: 3624  weight = 0.75
      Vertex id: 3625  weight = 1
      Vertex id: 3626  weight = 0.9
      Vertex id: 3627  weight = 0.527885
      Vertex id: 3628  weight = 0.825
      Vertex id: 3629  weight = 0.676875
      Vertex id: 3630  weight = 0.25
      Vertex id: 3631  weight = 0.25
      Vertex id: 3632  weight = 0.676875
      Vertex id: 3633  weight = 0.7125
      Vertex id: 3634  weight = 0.676875
      Vertex id: 3635  weight = 0.4
      Vertex id: 3636  weight = 0.04
      Vertex id: 3637  weight = 0.25
      Vertex id: 3639  weight = 0.25
      Vertex id: 3642  weight = 0.75
      Vertex id: 3643  weight = 0.2125
      Vertex id: 3644  weight = 0.85
      Vertex id: 3645  weight = 0.65
      Vertex id: 3646  weight = 0.9
      Vertex id: 3647  weight = 0.75
      Vertex id: 3653  weight = 0.194395
      Vertex id: 3655  weight = 0.609506
      Vertex id: 3656  weight = 0.75
      Vertex id: 3657  weight = 0.703704
      Vertex id: 3658  weight = 0.85
      Vertex id: 3659  weight = 0.703704
      Vertex id: 3660  weight = 0.75
      Vertex id: 3661  weight = 0.2375
      Vertex id: 3662  weight = 0.25
      Vertex id: 3697  weight = 0.3
      Vertex id: 3698  weight = 0.7125
      Vertex id: 3708  weight = 0.75
      Vertex id: 3709  weight = 1
      Vertex id: 3710  weight = 0.45
      Vertex id: 3711  weight = 1
      Vertex id: 3712  weight = 1
      Vertex id: 3714  weight = 0.25
      Vertex id: 3716  weight = 0.25
      Vertex id: 3718  weight = 0.25
      Vertex id: 3725  weight = 0.800522
      Vertex id: 3727  weight = 0.85
      Vertex id: 3728  weight = 0.95
      Vertex id: 3729  weight = 0.75
      Vertex id: 3730  weight = 0.7125
      Vertex id: 3731  weight = 0.4
      Vertex id: 3732  weight = 0.7125
      Vertex id: 3733  weight = 0.3
      Vertex id: 3734  weight = 0.7125
      Vertex id: 3735  weight = 0.3
      Vertex id: 3736  weight = 0.7125
      Vertex id: 3737  weight = 0.133766
      Vertex id: 3738  weight = 0.676875
      Vertex id: 3739  weight = 0.2375
      Vertex id: 3740  weight = 0.825
      Vertex id: 3741  weight = 0.676875
      Vertex id: 3742  weight = 0.2375
      Vertex id: 3743  weight = 0.527885
      Vertex id: 3744  weight = 0.75
      Vertex id: 3745  weight = 0.85
      Vertex id: 3746  weight = 0.25
      Vertex id: 3747  weight = 0.25
      Vertex id: 3748  weight = 0.85
      Vertex id: 3910  weight = 0.04
      Vertex id: 3919  weight = 0.026152
      Vertex id: 3921  weight = 0.45
      Vertex id: 3922  weight = 0.067103
      Vertex id: 3923  weight = 0.026152
      Vertex id: 3924  weight = 0.024936
      Vertex id: 3926  weight = 0.2125
      Vertex id: 3929  weight = 0.067103
      Vertex id: 3931  weight = 0.65
      Vertex id: 3936  weight = 0.167391
      Vertex id: 3939  weight = 0.591753
      Vertex id: 3940  weight = 0.127982
      Vertex id: 3941  weight = 0.167391
      Vertex id: 3942  weight = 0.591753
      Vertex id: 3943  weight = 0.75
 --- Bone Name: ForeLeg_R_01  nweights = 275
     Offset matrix: -0.004194 -0.983582 0.180411 0.932817 0.025489 0.180249 0.983291 -0.787488 -0.999666 0.008723 0.024314 -0.325643 0 0 -0 1 
      Vertex id: 1  weight = 0.0475
      Vertex id: 3  weight = 0.05
      Vertex id: 23  weight = 0.05
      Vertex id: 25  weight = 0.05
      Vertex id: 47  weight = 0.05
      Vertex id: 49  weight = 0.05
      Vertex id: 89  weight = 0.05
      Vertex id: 248  weight = 0.05
      Vertex id: 1909  weight = 0.05
      Vertex id: 1912  weight = 0.05
      Vertex id: 2622  weight = 0.05
      Vertex id: 2661  weight = 0.0475
      Vertex id: 2662  weight = 0.0475
      Vertex id: 2666  weight = 0.0475
      Vertex id: 2671  weight = 0.0475
      Vertex id: 2673  weight = 0.0475
      Vertex id: 2675  weight = 0.049745
      Vertex id: 2676  weight = 0.05
      Vertex id: 2677  weight = 0.0475
      Vertex id: 2678  weight = 0.05
      Vertex id: 2679  weight = 0.0475
      Vertex id: 2680  weight = 0.05
      Vertex id: 2681  weight = 0.0475
      Vertex id: 2682  weight = 0.05
      Vertex id: 2683  weight = 0.0475
      Vertex id: 2684  weight = 0.05
      Vertex id: 2685  weight = 0.0475
      Vertex id: 2686  weight = 0.05
      Vertex id: 2687  weight = 0.05
      Vertex id: 2688  weight = 0.0475
      Vertex id: 2690  weight = 0.0475
      Vertex id: 2691  weight = 0.0475
      Vertex id: 2692  weight = 0.0475
      Vertex id: 2886  weight = 0.05
      Vertex id: 2887  weight = 0.0475
      Vertex id: 2888  weight = 0.25
      Vertex id: 2889  weight = 0.1
      Vertex id: 2896  weight = 0.1
      Vertex id: 2897  weight = 0.05
      Vertex id: 2898  weight = 0.1
      Vertex id: 2907  weight = 0.25
      Vertex id: 2908  weight = 0.2
      Vertex id: 2909  weight = 0.05
      Vertex id: 2910  weight = 0.05
      Vertex id: 2917  weight = 0.026658
      Vertex id: 2918  weight = 0.05
      Vertex id: 2931  weight = 0.15
      Vertex id: 2932  weight = 0.2
      Vertex id: 2933  weight = 0.05
      Vertex id: 2934  weight = 0.05
      Vertex id: 2939  weight = 0.043919
      Vertex id: 2941  weight = 0.142468
      Vertex id: 2943  weight = 0.142468
      Vertex id: 2947  weight = 0.05
      Vertex id: 2949  weight = 0.05
      Vertex id: 2963  weight = 0.14822
      Vertex id: 2964  weight = 0.410269
      Vertex id: 2965  weight = 0.15
      Vertex id: 2966  weight = 0.3
      Vertex id: 2967  weight = 0.15
      Vertex id: 2968  weight = 0.410269
      Vertex id: 2972  weight = 0.15
      Vertex id: 2974  weight = 0.25
      Vertex id: 2975  weight = 0.3875
      Vertex id: 2976  weight = 0.1
      Vertex id: 2977  weight = 0.3
      Vertex id: 3015  weight = 0.05
      Vertex id: 3017  weight = 0.05
      Vertex id: 3019  weight = 0.05
      Vertex id: 3021  weight = 0.15
      Vertex id: 3022  weight = 0.2
      Vertex id: 3023  weight = 0.2
      Vertex id: 3024  weight = 0.394735
      Vertex id: 3026  weight = 0.05
      Vertex id: 3027  weight = 0.1
      Vertex id: 3031  weight = 0.25
      Vertex id: 3032  weight = 0.3
      Vertex id: 3033  weight = 0.3875
      Vertex id: 3034  weight = 0.410269
      Vertex id: 3035  weight = 0.1
      Vertex id: 3037  weight = 0.3
      Vertex id: 3038  weight = 0.05
      Vertex id: 3039  weight = 0.05
      Vertex id: 3040  weight = 0.05
      Vertex id: 3041  weight = 0.1
      Vertex id: 3042  weight = 0.05
      Vertex id: 3045  weight = 0.1
      Vertex id: 3046  weight = 0.3
      Vertex id: 3047  weight = 0.1
      Vertex id: 3048  weight = 0.25
      Vertex id: 3049  weight = 0.1
      Vertex id: 3050  weight = 0.3
      Vertex id: 3067  weight = 0.1
      Vertex id: 3069  weight = 0.05
      Vertex id: 3076  weight = 0.05
      Vertex id: 3077  weight = 0.026658
      Vertex id: 3078  weight = 0.05
      Vertex id: 3079  weight = 0.289025
      Vertex id: 3080  weight = 0.233051
      Vertex id: 3081  weight = 0.142468
      Vertex id: 3082  weight = 0.193886
      Vertex id: 3083  weight = 0.043919
      Vertex id: 3084  weight = 0.14822
      Vertex id: 3085  weight = 0.1
      Vertex id: 3086  weight = 0.15
      Vertex id: 3087  weight = 0.1
      Vertex id: 3088  weight = 0.15
      Vertex id: 3089  weight = 0.05
      Vertex id: 3090  weight = 0.05
      Vertex id: 3091  weight = 0.05
      Vertex id: 3092  weight = 0.05
      Vertex id: 3112  weight = 0.05
      Vertex id: 3113  weight = 0.05
      Vertex id: 3114  weight = 0.15
      Vertex id: 3115  weight = 0.25
      Vertex id: 3116  weight = 0.026658
      Vertex id: 3120  weight = 0.142468
      Vertex id: 3121  weight = 0.193886
      Vertex id: 3126  weight = 0.295825
      Vertex id: 3134  weight = 0.181307
      Vertex id: 3142  weight = 0.15
      Vertex id: 3575  weight = 0.7
      Vertex id: 3576  weight = 0.6
      Vertex id: 3577  weight = 0.95
      Vertex id: 3578  weight = 0.76
      Vertex id: 3579  weight = 0.95
      Vertex id: 3580  weight = 0.6
      Vertex id: 3581  weight = 0.712809
      Vertex id: 3582  weight = 0.05
      Vertex id: 3583  weight = 0.35
      Vertex id: 3584  weight = 0.15
      Vertex id: 3585  weight = 0.6375
      Vertex id: 3586  weight = 0.25
      Vertex id: 3587  weight = 0.3
      Vertex id: 3589  weight = 0.13287
      Vertex id: 3590  weight = 0.209972
      Vertex id: 3591  weight = 0.394735
      Vertex id: 3592  weight = 0.188106
      Vertex id: 3593  weight = 0.421826
      Vertex id: 3594  weight = 0.7125
      Vertex id: 3595  weight = 0.705375
      Vertex id: 3596  weight = 0.866234
      Vertex id: 3611  weight = 0.05
      Vertex id: 3617  weight = 0.05
      Vertex id: 3618  weight = 0.05
      Vertex id: 3620  weight = 0.05
      Vertex id: 3626  weight = 0.1
      Vertex id: 3627  weight = 0.234615
      Vertex id: 3629  weight = 0.05
      Vertex id: 3632  weight = 0.05
      Vertex id: 3633  weight = 0.05
      Vertex id: 3634  weight = 0.05
      Vertex id: 3635  weight = 0.6
      Vertex id: 3636  weight = 0.76
      Vertex id: 3642  weight = 0.25
      Vertex id: 3643  weight = 0.6375
      Vertex id: 3644  weight = 0.15
      Vertex id: 3645  weight = 0.35
      Vertex id: 3646  weight = 0.1
      Vertex id: 3653  weight = 0.504809
      Vertex id: 3654  weight = 0.603688
      Vertex id: 3655  weight = 0.304222
      Vertex id: 3656  weight = 0.25
      Vertex id: 3657  weight = 0.25
      Vertex id: 3658  weight = 0.15
      Vertex id: 3659  weight = 0.25
      Vertex id: 3660  weight = 0.25
      Vertex id: 3661  weight = 0.05
      Vertex id: 3697  weight = 0.7
      Vertex id: 3698  weight = 0.05
      Vertex id: 3707  weight = 0.603688
      Vertex id: 3708  weight = 0.25
      Vertex id: 3710  weight = 0.3
      Vertex id: 3725  weight = 0.13287
      Vertex id: 3727  weight = 0.15
      Vertex id: 3728  weight = 0.05
      Vertex id: 3730  weight = 0.05
      Vertex id: 3731  weight = 0.6
      Vertex id: 3732  weight = 0.05
      Vertex id: 3733  weight = 0.7
      Vertex id: 3734  weight = 0.05
      Vertex id: 3735  weight = 0.7
      Vertex id: 3736  weight = 0.05
      Vertex id: 3737  weight = 0.866234
      Vertex id: 3738  weight = 0.05
      Vertex id: 3739  weight = 0.7125
      Vertex id: 3741  weight = 0.05
      Vertex id: 3742  weight = 0.7125
      Vertex id: 3743  weight = 0.234615
      Vertex id: 3745  weight = 0.15
      Vertex id: 3748  weight = 0.15
      Vertex id: 3907  weight = 0.289025
      Vertex id: 3908  weight = 0.233051
      Vertex id: 3909  weight = 0.193886
      Vertex id: 3910  weight = 0.76
      Vertex id: 3911  weight = 0.193886
      Vertex id: 3912  weight = 0.603688
      Vertex id: 3913  weight = 0.15
      Vertex id: 3914  weight = 0.2
      Vertex id: 3915  weight = 0.2
      Vertex id: 3916  weight = 0.05
      Vertex id: 3917  weight = 0.2
      Vertex id: 3918  weight = 0.25
      Vertex id: 3919  weight = 0.712809
      Vertex id: 3920  weight = 0.368401
      Vertex id: 3921  weight = 0.3
      Vertex id: 3922  weight = 0.3875
      Vertex id: 3923  weight = 0.712809
      Vertex id: 3924  weight = 0.410269
      Vertex id: 3925  weight = 0.3
      Vertex id: 3926  weight = 0.6375
      Vertex id: 3927  weight = 0.25
      Vertex id: 3928  weight = 0.25
      Vertex id: 3929  weight = 0.3875
      Vertex id: 3930  weight = 0.3
      Vertex id: 3931  weight = 0.35
      Vertex id: 3936  weight = 0.421826
      Vertex id: 3938  weight = 0.295825
      Vertex id: 3939  weight = 0.188106
      Vertex id: 3940  weight = 0.181307
      Vertex id: 3941  weight = 0.421826
      Vertex id: 3942  weight = 0.188106
      Vertex id: 3943  weight = 0.209972
      Vertex id: 3944  weight = 0.2
      Vertex id: 3945  weight = 0.368401
      Vertex id: 3946  weight = 0.2
      Vertex id: 3948  weight = 0.368401
      Vertex id: 4051  weight = 0.1
      Vertex id: 4053  weight = 0.05
      Vertex id: 4055  weight = 0.05
      Vertex id: 4057  weight = 0.05
      Vertex id: 4058  weight = 0.05
      Vertex id: 4059  weight = 0.05
      Vertex id: 4060  weight = 0.15
      Vertex id: 4061  weight = 0.1
      Vertex id: 4062  weight = 0.2
      Vertex id: 4063  weight = 0.1
      Vertex id: 4064  weight = 0.2
      Vertex id: 4065  weight = 0.1
      Vertex id: 4066  weight = 0.25
      Vertex id: 4067  weight = 0.15
      Vertex id: 4068  weight = 0.2
      Vertex id: 4069  weight = 0.2
      Vertex id: 4070  weight = 0.15
      Vertex id: 4071  weight = 0.15
      Vertex id: 4072  weight = 0.15
      Vertex id: 4073  weight = 0.15
      Vertex id: 4074  weight = 0.25
      Vertex id: 4075  weight = 0.1
      Vertex id: 4076  weight = 0.25
      Vertex id: 4077  weight = 0.15
      Vertex id: 4078  weight = 0.05
      Vertex id: 4079  weight = 0.25
      Vertex id: 4080  weight = 0.1
      Vertex id: 4081  weight = 0.1
      Vertex id: 4082  weight = 0.25
      Vertex id: 4083  weight = 0.05
      Vertex id: 4084  weight = 0.1
      Vertex id: 4085  weight = 0.05
      Vertex id: 4086  weight = 0.1
      Vertex id: 4088  weight = 0.05
      Vertex id: 4090  weight = 0.05
      Vertex id: 4091  weight = 0.05
      Vertex id: 4092  weight = 0.1
      Vertex id: 4093  weight = 0.05
      Vertex id: 4094  weight = 0.05
      Vertex id: 4107  weight = 0.05
      Vertex id: 4109  weight = 0.1
      Vertex id: 4111  weight = 0.1
      Vertex id: 4113  weight = 0.1
      Vertex id: 4115  weight = 0.1
